11000000000000010000000000000100
11000000000000100000000000000001
00000000010000010010000000100000
00000000100000100010100000100000
00000000010001010011000000100000
00000000010001100011100000100000
00000000001001010000100000100000
10101100000000010000000011111100
10001100000000010000000011111100
00000100001000000000000000001101
00000000000000010101000010000000
10001101010001010000000010111100
10001101010001000000000010111000
10001101010000110000000010110100
00000000000000010101100010000010
00011101011000000000000000000010
00000000101000110011000000100000
00001000000000000000000000100011
00000000100000110011000000100000
10101101010001100000000010110000
00000000001000100000100000100010
10101100000000010000000011111100
00001000000000000000000000011000
11000000000000010000000000000100
00000000000000000000000000001101
00000000000000000000000000000000
11111111111111111111111111111111
00000000000000000000000000000000
00000000000000000000000000000001
00000000000000000000000000000010
00000000000000000000000000000001
00000000000000000000000000000001
00000000000000000000000000000000
00000000000000000000000000000101
11111111111111111111111111111011
00000000000000000000000000000110
00000000000000000000000000000001
00000000000000000000000000000001
00000000000000000000000000000001
00000000000000000000000000000001
00000000000000000000000000000001
00000000000000000000000000000001
00000000000000000000000000000001
00000000000000000000000000000001
00000000000000000000000000000001
00000000000000000000000000000001
00000000000000000000000000000001
00000000000000000000000000000001
00000000000000000000000000000000